1	61.712	444
2	61.991	442
3	62.443	442
4	61.312	442
5	61.486	444
6	61.538	442
7	61.991	442
8	61.538	442
9	61.538	442
10	61.991	442
11	61.486	444
12	61.261	444
13	61.312	442
14	61.991	442
15	61.991	442
16	61.538	442
17	61.765	442
18	61.765	442
19	61.538	442
20	61.312	442
21	61.086	442
22	61.086	442
23	61.086	442
24	61.086	442
25	61.086	442
26	62.443	442
27	60.586	444
28	60.586	444
29	61.538	442
30	61.312	442
31	61.312	442
32	61.312	442
33	61.312	442
34	61.538	442
35	60.586	444
36	61.538	442
37	61.312	442
38	61.312	442
39	61.765	442
40	61.991	442
41	60.271	443
42	60.271	443
43	60.181	442
44	59.594	443
45	57.692	442
46	55.166	513
47	55.830	446
48	55.830	446
49	55.830	446
50	54.709	446
51	54.709	446
52	54.484	446
53	57.336	443
54	54.279	444
55	54.505	444
56	53.759	439
57	54.933	446
58	55.982	443
59	58.145	442
60	56.818	440
61	57.014	442
62	53.795	448
63	54.831	445
64	50.000	444
65	47.846	441
66	47.846	441
67	48.073	441
68	48.073	441
69	49.206	441
70	49.206	441
71	48.753	441
72	48.526	441
73	47.619	441
74	47.619	441
75	48.299	441
76	48.299	441
77	48.299	441
78	48.299	441
79	48.299	441
80	47.619	441
81	62.021	287
82	62.021	287
83	62.021	287
84	62.021	287
85	62.021	287
86	64.474	228
87	64.474	228
88	64.474	228
89	64.474	228
90	63.596	228
91	63.596	228
92	63.182	220
93	63.182	220
94	63.182	220
95	64.091	220
96	63.636	220
97	63.636	220
98	63.551	214
99	63.551	214
100	63.551	214
101	63.551	214
102	63.551	214
103	63.551	214
104	63.551	214
105	63.551	214
106	63.551	214
107	63.551	214
108	63.551	214
109	63.551	214
110	63.551	214
111	63.551	214
112	63.551	214
113	63.551	214
114	63.551	214
115	63.551	214
116	63.551	214
117	63.551	214
118	63.551	214
119	63.551	214
120	63.551	214
121	63.551	214
122	63.551	214
123	63.551	214
124	63.551	214
125	63.551	214
126	63.551	214
127	63.551	214
128	63.551	214
129	63.551	214
130	63.084	214
131	63.084	214
132	63.084	214
133	62.617	214
134	62.617	214
135	65.700	207
136	66.184	207
137	65.217	207
138	65.217	207
139	65.217	207
140	65.217	207
141	65.217	207
142	65.700	207
143	65.700	207
144	65.700	207
145	65.700	207
146	64.734	207
147	65.700	207
148	64.251	207
149	65.217	207
150	65.217	207
151	64.251	207
152	65.700	207
153	65.217	207
154	64.734	207
155	62.319	207
156	64.734	207
157	64.734	207
158	64.734	207
159	64.734	207
160	64.734	207
161	64.734	207
162	64.734	207
163	63.768	207
164	63.768	207
165	63.768	207
166	64.251	207
167	64.734	207
168	64.734	207
169	64.734	207
170	64.734	207
171	64.251	207
172	64.251	207
173	63.768	207
174	63.285	207
175	64.251	207
176	64.251	207
177	64.251	207
178	64.734	207
179	63.768	207
180	64.251	207
181	64.251	207
182	64.251	207
183	62.802	207
184	63.768	207
185	64.251	207
186	64.251	207
187	63.768	207
188	64.251	207
189	64.251	207
190	64.251	207
191	63.768	207
192	63.768	207
193	63.285	207
194	64.251	207
195	63.285	207
196	63.768	207
197	63.768	207
198	63.768	207
199	64.251	207
200	62.319	207
201	62.319	207
202	63.285	207
203	60.386	207
204	62.802	207
205	61.353	207
206	46.667	225
207	46.667	225
208	46.667	225
209	46.396	222
210	48.000	175
211	60.440	182
212	60.440	182
213	60.440	182
214	60.440	182
215	60.440	182
216	60.440	182
217	60.440	182
218	60.440	182
219	60.440	182
220	60.440	182
221	60.440	182
222	60.440	182
223	60.440	182
224	60.440	182
225	60.440	182
226	60.440	182
227	60.440	182
228	60.440	182
229	60.440	182
230	60.440	182
231	60.440	182
232	60.440	182
233	60.440	182
234	60.440	182
235	60.440	182
236	60.440	182
237	60.440	182
238	60.440	182
239	60.440	182
240	60.440	182
241	60.440	182
242	60.440	182
243	60.440	182
244	60.440	182
245	60.440	182
246	60.440	182
247	60.440	182
248	60.440	182
249	60.440	182
250	60.440	182
251	60.440	182
252	60.440	182
253	60.440	182
254	60.440	182
255	59.890	182
256	59.890	182
257	58.791	182
258	60.440	182
259	60.440	182
260	58.242	182
261	58.242	182
262	58.242	182
263	58.242	182
264	58.242	182
265	59.341	182
266	59.341	182
267	59.341	182
268	59.890	182
269	59.890	182
270	59.890	182
271	59.890	182
272	59.890	182
273	59.890	182
274	59.890	182
275	59.890	182
276	59.341	182
277	59.341	182
278	59.341	182
279	59.341	182
280	59.890	182
281	59.890	182
282	59.890	182
283	59.890	182
284	59.890	182
285	59.890	182
286	59.890	182
287	59.890	182
288	47.429	175
289	59.341	182
290	59.341	182
291	59.341	182
292	59.341	182
293	59.341	182
294	59.341	182
295	59.341	182
296	59.341	182
297	59.341	182
298	59.341	182
299	59.341	182
300	58.791	182
301	58.791	182
302	58.791	182
303	58.791	182
304	58.791	182
305	58.791	182
306	59.341	182
307	46.893	177
308	47.159	176
309	47.159	176
310	42.077	183
311	47.573	103
312	67.939	131
313	67.939	131
314	67.939	131
315	67.939	131
316	67.939	131
317	67.939	131
318	67.939	131
319	67.939	131
320	67.939	131
321	67.939	131
322	67.939	131
323	66.412	131
324	64.234	137
325	63.380	142
326	64.444	135
327	65.649	131
328	65.649	131
329	65.649	131
330	65.649	131
331	65.649	131
332	64.885	131
333	64.885	131
334	64.885	131
335	64.885	131
336	61.940	134
337	64.122	131
338	56.349	126
339	64.122	131
340	62.319	138
341	62.595	131
342	55.357	112
343	62.295	122
344	58.824	119
345	56.410	117
346	56.410	117
347	56.410	117
348	56.410	117
349	56.410	117
350	56.410	117
351	56.410	117
352	56.410	117
353	38.281	128
354	47.222	36
355	38.281	128
356	47.222	36
357	38.281	128
358	47.222	36
359	38.281	128
360	47.222	36
361	38.281	128
362	47.222	36
363	38.281	128
364	47.222	36
365	38.281	128
366	47.222	36
367	38.281	128
368	47.222	36
369	38.281	128
370	47.222	36
371	38.281	128
372	47.222	36
373	38.281	128
374	47.222	36
375	38.281	128
376	47.222	36
377	38.281	128
378	47.222	36
379	38.281	128
380	47.222	36
381	38.281	128
382	47.222	36
383	60.563	71
384	38.281	128
385	47.222	36
386	37.500	128
387	47.222	36
388	37.500	128
389	47.222	36
390	37.500	128
391	47.222	36
392	37.500	128
393	47.222	36
394	37.500	128
395	47.222	36
396	37.500	128
397	47.222	36
398	80.556	36
399	65.432	81
400	47.059	51
401	50.000	44
402	41.096	73
403	40.698	86
404	39.286	28
405	57.895	19
